Aqua
R 0 85 155 200
G 100 192 202 55
B 152 235 255 22
Autumn
R 162 219 227 246
G 0 117 147 212
B 0 0 64 183
Caribbean
R 80 255 237 102
G 170 135 232 153
B 80 77 107 190
Cinnamon
R 155 182 216 236
G 35 52 134 208
B 26 26 116 202
Crayon
R 195 229 35 80
G 35 188 74 155
B 50 10 154 54
Empire
R 205 148 230 250
G 187 178 210 250
B 137 178 200 250
Ginger
R 185 207 172 243
G 0 117 200 221
B 0 0 0 221
Harvest
R 250 203 137 195
G 185 145 162 232
B 65 253 246 246
Lilac
R 100 248 236 217
G 40 241 210 210
B 128 185 248 248
Madras
R 31 242 202 168
G 97 200 17 168
B 150 53 45 168
Molasses
R 100 227 234 227
G 90 72 160 201
B 60 60 103 181
Nautical
R 14 189 111 255
G 84 0 169 255
B 125 67 215 255
Sassy
R 0 182 230 211
G 0 42 213 215
B 0 0 194 237
Tartan
R 82 245 140 149
G 112 192 37 132
B 90 75 42 84
Thai
R 168 240 57 135
G 210 47 60 97
B 255 130 145 177
Whisper
R 45 77 229 255
G 93 167 229 255
B 139 183 184 255
